Mean: 0.003810096968466865\Std: 0.0011665562929089094
Mean: 9.762700737218922e-10\Std: 3.044613738272663e-10
